public class CityData {

    public static final String[] CITY_NAMES = new String[] {
            "Stockholm", "Goteborg", "Malmo", "Uppsala", "Vasteras", "Orebro", "Linkoping",
            "Helsingborg", "Jonkoping", "Norrkoping", "Lund", "Umea", "Gavle", "Boras", "Molndal",
            "Sodertalje", "Eskilstuna", "Karlstad", "Halmstad", "Vaxjo", "Sundsvall", "Lulea",
            "Trollhattan", "Ostersund", "Borlange", "Falun", "Kalmar", "Skovde", "Kristianstad",
            "Karlskrona", "Skelleftea", "Uddevalla", "Lidingo", "Motala", "Landskrona",
            "Ornskoldsvik", "Nykoping", "Karlskoga", "Varberg", "Trelleborg", "Lidkoping",
            "Alingsas", "Pitea", "Sandviken", "Angelholm"
    };

    public static final int[][] CITY_DISTANCES = new int[][] {
            {
                    0, 397, 514, 63, 91, 2713, 173, 485, 284, 136, 498, 514, 158, 347, 398, 29, 88,
                    259, 426, 334, 343, 727, 353, 708, 195, 196, 314, 264, 435, 382, 622, 369, 6,
                    194, 496, 442, 88, 200, 421, 530, 297, 356, 689, 160, 462
            },
            {
                    397, 0, 243, 405, 339, 2324, 229, 190, 131, 266, 235, 815, 442, 58, 6, 368,
                    322, 206, 127, 194, 599, 1026, 67, 986, 367, 384, 289, 134, 229, 279, 918, 71,
                    403, 203, 211, 722, 317, 234, 69, 270, 113, 41, 984, 424, 172
            },
            {
                    514, 243, 0, 548, 493, 2225, 351, 53, 253, 384, 16, 1001, 614, 236, 236, 486,
                    469, 421, 119, 180, 794, 1216, 301, 1184, 562, 578, 239, 314, 86, 173, 1108,
                    312, 519, 349, 31, 914, 426, 425, 174, 27, 323, 260, 1175, 601, 72
            },
            {
                    63, 405, 548, 0, 67, 2728, 198, 515, 306, 163, 532, 463, 95, 361, 407, 74, 84,
                    239, 452, 371, 283, 677, 353, 655, 141, 139, 364, 271, 473, 429, 571, 367, 62,
                    208, 527, 386, 128, 185, 438, 566, 297, 364, 639, 97, 491
            },
            {
                    91, 339, 493, 67, 0, 2662, 143, 458, 246, 115, 478, 508, 123, 296, 341, 77, 27,
                    174, 392, 321, 312, 724, 286, 696, 115, 122, 328, 206, 423, 388, 616, 299, 95,
                    147, 471, 426, 99, 118, 375, 513, 230, 298, 684, 113, 433
            },
            {
                    2713, 2324, 2225, 2728, 2662, 0, 2539, 2239, 2429, 2577, 2241, 3109, 2762,
                    2368, 2321, 2684, 2644, 2515, 2290, 268, 2892, 3303, 2381, 3248, 2677, 2694,
                    2463, 2457, 2311, 2393, 3200, 2370, 2719, 2521, 2234, 485, 2626, 2555, 2292,
                    2218, 2435, 2365, 3260, 2743, 2260
            },
            {
                    173, 229, 351, 198, 143, 2539, 0, 317, 111, 38, 336, 651, 266, 176, 229, 144,
                    118, 163, 255, 177, 452, 867, 195, 838, 231, 244, 200, 104, 280, 251, 759, 215,
                    179, 36, 330, 568, 89, 119, 248, 370, 144, 189, 827, 254, 293
            },
            {
                    485, 190, 53, 515, 458, 2239, 317, 0, 213, 353, 49, 962, 577, 187, 184, 457,
                    434, 374, 71, 160, 753, 1177, 250, 1143, 520, 536, 236, 270, 91, 180, 1068,
                    261, 491, 311, 21, 874, 397, 382, 121, 80, 275, 210, 1136, 562, 24
            },
            {
                    284, 131, 253, 306, 246, 2429, 111, 213, 0, 149, 239, 749, 364, 74, 129, 255,
                    223, 182, 147, 108, 542, 964, 125, 931, 310, 326, 181, 71, 195, 199, 856, 146,
                    290, 99, 228, 662, 198, 174, 138, 275, 100, 99, 923, 349, 189
            },
            {
                    136, 266, 384, 163, 115, 2577, 38, 353, 149, 0, 369, 622, 238, 214, 266, 107,
                    88, 177, 292, 207, 427, 837, 230, 811, 215, 226, 215, 138, 311, 273, 730, 249,
                    141, 66, 364, 541, 51, 125, 286, 403, 176, 226, 798, 228, 329
            },
            {
                    498, 235, 16, 532, 478, 2241, 336, 49, 239, 369, 0, 986, 600, 225, 229, 471,
                    454, 410, 110, 164, 781, 1201, 292, 1170, 548, 564, 223, 302, 70, 158, 1093,
                    304, 503, 335, 29, 900, 410, 411, 167, 37, 312, 251, 1161, 586, 63
            },
            {
                    514, 815, 1001, 463, 508, 3109, 651, 962, 749, 622, 986, 0, 386, 787, 819, 534,
                    534, 610, 894, 829, 218, 215, 751, 196, 448, 431, 826, 696, 932, 892, 108, 756,
                    509, 651, 977, 97, 591, 585, 866, 1021, 704, 778, 176, 400, 938
            },
            {
                    158, 442, 614, 95, 123, 2762, 266, 577, 364, 238, 600, 386, 0, 407, 445, 167,
                    149, 249, 510, 444, 191, 602, 382, 573, 96, 83, 449, 315, 546, 511, 494, 392,
                    156, 266, 591, 303, 214, 209, 487, 635, 330, 402, 561, 21, 553
            },
            {
                    347, 58, 236, 361, 296, 2368, 176, 187, 74, 214, 225, 787, 407, 0, 56, 318,
                    277, 188, 117, 146, 574, 1000, 74, 963, 339, 356, 237, 92, 202, 236, 891, 92,
                    353, 154, 206, 696, 264, 202, 80, 261, 88, 34, 958, 390, 165
            },
            {
                    398, 6, 236, 407, 341, 2321, 229, 184, 129, 266, 229, 819, 445, 56, 0, 369,
                    324, 210, 121, 189, 603, 1030, 72, 991, 371, 388, 284, 135, 223, 274, 922, 77,
                    404, 204, 205, 726, 317, 237, 63, 263, 116, 43, 988, 428, 165
            },
            {
                    29, 368, 486, 74, 77, 2684, 144, 457, 255, 107, 471, 534, 167, 318, 369, 0, 66,
                    235, 398, 307, 356, 748, 325, 727, 189, 192, 292, 236, 409, 359, 642, 342, 35,
                    166, 468, 459, 61, 176, 392, 503, 269, 327, 710, 166, 434
            },
            {
                    88, 322, 469, 84, 27, 2644, 118, 434, 223, 88, 454, 534, 149, 277, 324, 66, 0,
                    171, 369, 295, 339, 750, 272, 722, 138, 146, 302, 188, 398, 362, 642, 287, 93,
                    125, 447, 452, 75, 112, 355, 488, 215, 281, 710, 140, 410
            },
            {
                    259, 206, 421, 239, 174, 2515, 163, 374, 182, 177, 410, 610, 249, 188, 210,
                    235, 171, 0, 304, 289, 394, 820, 141, 780, 164, 181, 346, 112, 375, 379, 712,
                    146, 264, 129, 393, 517, 213, 59, 263, 446, 99, 171, 778, 229, 351
            },
            {
                    426, 127, 119, 452, 392, 2290, 255, 71, 147, 292, 110, 894, 510, 117, 121, 398,
                    369, 304, 0, 121, 684, 1108, 182, 1074, 450, 466, 214, 200, 108, 178, 1000,
                    195, 432, 245, 90, 805, 338, 312, 61, 146, 204, 141, 1067, 494, 48
            },
            {
                    334, 194, 180, 371, 321, 268, 177, 160, 108, 207, 164, 829, 444, 146, 189, 307,
                    295, 289, 121, 0, 630, 1045, 217, 701, 403, 418, 98, 178, 103, 93, 937, 237,
                    339, 185, 166, 746, 246, 273, 157, 196, 206, 180, 1005, 432, 139
            },
            {
                    343, 599, 794, 283, 312, 2892, 452, 753, 542, 427, 781, 218, 191, 574, 603,
                    356, 339, 394, 684, 630, 0, 427, 534, 390, 234, 218, 640, 484, 731, 700, 319,
                    538, 340, 447, 769, 123, 405, 373, 653, 816, 489, 562, 385, 199, 729
            },
            {
                    727, 1026, 1216, 677, 724, 3303, 867, 1177, 964, 837, 1201, 215, 602, 1000,
                    1030, 748, 750, 820, 1108, 1045, 427, 0, 961, 70, 660, 643, 1040, 910, 1147,
                    1107, 108, 964, 722, 866, 1192, 304, 806, 798, 1079, 1236, 916, 989, 43, 615,
                    1153
            },
            {
                    353, 67, 301, 353, 286, 2381, 195, 250, 125, 230, 292, 751, 382, 74, 72, 325,
                    272, 141, 182, 217, 534, 961, 0, 920, 303, 321, 303, 92, 275, 309, 853, 22,
                    358, 163, 271, 657, 279, 174, 131, 328, 56, 42, 919, 364, 230
            },
            {
                    708, 986, 1184, 655, 696, 3248, 838, 1143, 931, 811, 1170, 196, 573, 963, 991,
                    727, 722, 780, 1074, 701, 390, 70, 920, 0, 624, 607, 1018, 874, 1118, 1083, 93,
                    922, 703, 835, 1159, 205, 782, 762, 1042, 1205, 877, 951, 49, 585, 1119
            },
            {
                    195, 367, 562, 141, 115, 2677, 231, 520, 310, 215, 548, 448, 96, 339, 371, 189,
                    138, 164, 450, 403, 234, 660, 303, 624, 0, 17, 429, 250, 502, 482, 552, 310,
                    196, 218, 536, 357, 212, 138, 419, 585, 256, 329, 619, 75, 496
            },
            {
                    196, 384, 578, 139, 122, 2694, 244, 536, 326, 226, 564, 431, 83, 356, 388, 192,
                    146, 181, 466, 418, 218, 643, 321, 607, 17, 0, 441, 267, 517, 495, 535, 327,
                    197, 233, 552, 339, 220, 155, 436, 600, 273, 346, 602, 62, 512
            },
            {
                    314, 289, 239, 364, 328, 2463, 200, 236, 181, 215, 223, 826, 449, 237, 284,
                    292, 302, 346, 214, 98, 640, 1040, 303, 1018, 429, 441, 0, 244, 153, 73, 934,
                    324, 319, 223, 235, 749, 236, 316, 255, 245, 280, 270, 1002, 441, 220
            },
            {
                    264, 134, 314, 271, 206, 2457, 104, 270, 71, 138, 302, 696, 315, 92, 135, 236,
                    188, 112, 200, 178, 484, 910, 92, 874, 250, 267, 244, 0, 264, 269, 801, 112,
                    270, 72, 287, 606, 188, 112, 171, 338, 42, 93, 868, 299, 246
            },
            {
                    435, 229, 86, 473, 423, 2311, 280, 91, 195, 311, 70, 932, 546, 202, 223, 409,
                    398, 375, 108, 103, 731, 1147, 275, 1118, 502, 517, 153, 264, 0, 90, 1039, 291,
                    440, 284, 85, 848, 348, 368, 167, 96, 282, 233, 1107, 534, 84
            },
            {
                    382, 279, 173, 429, 388, 2393, 251, 180, 199, 273, 158, 892, 511, 236, 274,
                    359, 362, 379, 178, 93, 700, 1107, 309, 1083, 482, 495, 73, 269, 90, 0, 1000,
                    328, 388, 267, 175, 813, 301, 358, 230, 175, 299, 270, 1068, 501, 169
            },
            {
                    622, 918, 1108, 571, 616, 3200, 759, 1068, 856, 730, 1093, 108, 494, 891, 922,
                    642, 642, 712, 1000, 937, 319, 108, 853, 93, 552, 535, 934, 801, 1039, 1000, 0,
                    857, 617, 758, 1084, 196, 699, 690, 971, 1128, 807, 881, 68, 507, 1044
            },
            {
                    369, 71, 312, 367, 299, 2370, 215, 261, 146, 249, 304, 756, 392, 92, 77, 342,
                    287, 146, 195, 237, 538, 964, 22, 922, 310, 327, 324, 112, 291, 328, 857, 0,
                    375, 183, 281, 661, 298, 185, 140, 339, 73, 58, 922, 373, 241
            },
            {
                    6, 403, 519, 62, 95, 2719, 179, 491, 290, 141, 503, 509, 156, 353, 404, 35, 93,
                    264, 432, 339, 340, 722, 358, 703, 196, 197, 319, 270, 440, 388, 617, 375, 0,
                    200, 501, 438, 94, 205, 427, 535, 302, 362, 685, 160, 468
            },
            {
                    194, 203, 349, 208, 147, 2521, 36, 311, 99, 66, 335, 651, 266, 154, 204, 166,
                    125, 129, 245, 185, 447, 866, 163, 835, 218, 233, 223, 72, 284, 267, 758, 183,
                    200, 0, 326, 565, 116, 93, 230, 370, 110, 162, 826, 252, 287
            },
            {
                    496, 211, 31, 527, 471, 2234, 330, 21, 228, 364, 29, 977, 591, 206, 205, 468,
                    447, 393, 90, 166, 769, 1192, 271, 1159, 536, 552, 235, 287, 85, 175, 1084,
                    281, 501, 326, 0, 889, 408, 398, 142, 59, 294, 230, 1151, 577, 42
            },
            {
                    442, 722, 914, 386, 426, 485, 568, 874, 662, 541, 900, 97, 303, 696, 726, 459,
                    452, 517, 805, 746, 123, 304, 657, 205, 357, 339, 749, 606, 848, 813, 196, 661,
                    438, 565, 889, 0, 513, 494, 775, 935, 612, 685, 262, 314, 850
            },
            {
                    88, 317, 426, 128, 99, 2626, 89, 397, 198, 51, 410, 591, 214, 264, 317, 61, 75,
                    213, 338, 246, 405, 806, 279, 782, 212, 220, 236, 188, 348, 301, 699, 298, 94,
                    116, 408, 513, 0, 155, 336, 442, 225, 277, 767, 208, 374
            },
            {
                    200, 234, 425, 185, 118, 2555, 119, 382, 174, 125, 411, 585, 209, 202, 237,
                    176, 112, 59, 312, 273, 373, 798, 174, 762, 138, 155, 316, 112, 368, 358, 690,
                    185, 205, 93, 398, 494, 155, 0, 281, 448, 121, 194, 757, 191, 358
            },
            {
                    421, 69, 174, 438, 375, 2292, 248, 121, 138, 286, 167, 866, 487, 80, 63, 392,
                    355, 263, 61, 157, 653, 1079, 131, 1042, 419, 436, 255, 171, 167, 230, 971,
                    140, 427, 230, 142, 775, 336, 281, 0, 201, 165, 93, 1037, 470, 103
            },
            {
                    530, 270, 27, 566, 513, 2218, 370, 80, 275, 403, 37, 1021, 635, 261, 263, 503,
                    488, 446, 146, 196, 816, 1236, 328, 1205, 585, 600, 245, 338, 96, 175, 1128,
                    339, 535, 370, 59, 935, 442, 448, 201, 0, 348, 287, 1196, 622, 98
            },
            {
                    297, 113, 323, 297, 230, 2435, 144, 275, 100, 176, 312, 704, 330, 88, 116, 269,
                    215, 99, 204, 206, 489, 916, 56, 877, 256, 273, 280, 42, 282, 299, 807, 73,
                    302, 110, 294, 612, 225, 121, 165, 348, 0, 74, 874, 312, 252
            },
            {
                    356, 41, 260, 364, 298, 2365, 189, 210, 99, 226, 251, 778, 402, 34, 43, 327,
                    281, 171, 141, 180, 562, 989, 42, 951, 329, 346, 270, 93, 233, 270, 881, 58,
                    362, 162, 230, 685, 277, 194, 93, 287, 74, 0, 947, 385, 189
            },
            {
                    689, 984, 1175, 639, 684, 3260, 827, 1136, 923, 798, 1161, 176, 561, 958, 988,
                    710, 710, 778, 1067, 1005, 385, 43, 919, 49, 619, 602, 1002, 868, 1107, 1068,
                    68, 922, 685, 826, 1151, 262, 767, 757, 1037, 1196, 874, 947, 0, 574, 1112
            },
            {
                    160, 424, 601, 97, 113, 2743, 254, 562, 349, 228, 586, 400, 21, 390, 428, 166,
                    140, 229, 494, 432, 199, 615, 364, 585, 75, 62, 441, 299, 534, 501, 507, 373,
                    160, 252, 577, 314, 208, 191, 470, 622, 312, 385, 574, 0, 538
            },
            {
                    462, 172, 72, 491, 433, 2260, 293, 24, 189, 329, 63, 938, 553, 165, 165, 434,
                    410, 351, 48, 139, 729, 1153, 230, 1119, 496, 512, 220, 246, 84, 169, 1044,
                    241, 468, 287, 42, 850, 374, 358, 103, 98, 252, 189, 1112, 538, 0
            }

    };

}
